9817;-365;-365;-367;-368;-363;-369;-364;-366;-367;-371;-366;-372;-372;-360;-371;-379;-361;
-365;6722;6701;6712;6706;6712;6713;6713;6697;6713;6708;6711;6711;6708;6702;6704;6606;6698;
-365;6701;6719;6705;6699;6697;6698;6698;6682;6698;6693;6696;6696;6693;6687;6689;6591;6683;
-367;6712;6705;6724;6710;6708;6709;6709;6693;6709;6704;6707;6707;6704;6698;6700;6602;6694;
-368;6706;6699;6710;6721;6702;6703;6703;6687;6703;6698;6701;6701;6698;6692;6694;6596;6688;
-363;6712;6697;6708;6702;6724;6709;6709;6693;6709;6704;6707;6707;6704;6698;6700;6602;6694;
-369;6713;6698;6709;6703;6709;6721;6710;6694;6710;6705;6708;6708;6705;6699;6701;6603;6695;
-364;6713;6698;6709;6703;6709;6710;6721;6694;6710;6705;6708;6708;6705;6699;6701;6603;6695;
-366;6697;6682;6693;6687;6693;6694;6694;6720;6694;6689;6692;6692;6689;6683;6685;6587;6679;
-367;6713;6698;6709;6703;6709;6710;6710;6694;6721;6705;6708;6708;6705;6699;6701;6603;6695;
-371;6708;6693;6704;6698;6704;6705;6705;6689;6705;6723;6703;6703;6700;6694;6696;6598;6690;
-366;6711;6696;6707;6701;6707;6708;6708;6692;6708;6703;6721;6706;6703;6697;6699;6601;6693;
-372;6711;6696;6707;6701;6707;6708;6708;6692;6708;6703;6706;6722;6717;6697;6699;6615;6693;
-372;6708;6693;6704;6698;6704;6705;6705;6689;6705;6700;6703;6717;6724;6694;6696;6612;6690;
-360;6702;6687;6698;6692;6698;6699;6699;6683;6699;6694;6697;6697;6694;6721;6690;6592;6684;
-371;6704;6689;6700;6694;6700;6701;6701;6685;6701;6696;6699;6699;6696;6690;6720;6594;6686;
-379;6606;6591;6602;6596;6602;6603;6603;6587;6603;6598;6601;6615;6612;6592;6594;6648;6588;
-361;6698;6683;6694;6688;6694;6695;6695;6679;6695;6690;6693;6693;6690;6684;6686;6588;6716;
