0;468;339;1694;1729;1704;1701;1695;1706;1735;1704;
468;0;434;1771;1771;1760;1758;1759;1759;1769;1759;
339;434;0;1707;1714;1701;1697;1702;1702;1705;1702;
1692;1761;1714;0;22;9;12;9;11;9;11;
1730;1770;1721;22;0;15;18;17;17;15;17;
1702;1759;1708;9;15;0;3;2;2;2;2;
1699;1758;1704;12;18;3;0;5;5;5;5;
1693;1758;1709;9;17;2;5;0;2;4;4;
1704;1759;1709;11;17;2;5;2;0;4;2;
1736;1768;1712;9;15;2;5;4;4;0;4;
1702;1759;1709;11;17;2;5;4;2;4;0;
