10825;8377;-594;-591;-598;-595;-594;-604;-596;
8377;11130;-629;-627;-642;-626;-633;-634;-630;
-594;-629;7404;7371;7304;7363;7372;7378;7366;
-591;-627;7371;7411;7319;7390;7399;7393;7393;
-598;-642;7304;7319;7363;7311;7320;7326;7314;
-595;-626;7363;7390;7311;7419;7398;7385;7385;
-594;-633;7372;7399;7320;7398;7414;7394;7394;
-604;-634;7378;7393;7326;7385;7394;7422;7388;
-596;-630;7366;7393;7314;7385;7394;7388;7417;
