10825;-596;-602;-597;-587;-597;-594;-598;-599;-597;-596;-595;-600;-600;-591;-606;-595;-598;
-596;7414;7393;7404;7397;7398;7406;7407;7382;7403;7397;7403;7403;7399;7388;7395;7299;7384;
-602;7393;7410;7396;7389;7383;7391;7392;7367;7388;7382;7388;7388;7384;7373;7380;7284;7369;
-597;7404;7396;7416;7400;7394;7402;7403;7378;7399;7393;7399;7399;7395;7384;7391;7296;7380;
-587;7397;7389;7400;7414;7387;7395;7396;7371;7392;7386;7392;7392;7388;7377;7384;7288;7373;
-597;7398;7383;7394;7387;7417;7396;7397;7372;7393;7387;7393;7393;7389;7378;7385;7289;7374;
-594;7406;7391;7402;7395;7396;7415;7405;7380;7401;7395;7401;7401;7397;7386;7393;7297;7382;
-598;7407;7392;7403;7396;7397;7405;7414;7381;7402;7396;7402;7402;7398;7387;7394;7298;7383;
-599;7382;7367;7378;7371;7372;7380;7381;7417;7377;7371;7377;7377;7373;7362;7369;7273;7358;
-597;7403;7388;7399;7392;7393;7401;7402;7377;7416;7392;7398;7398;7394;7383;7390;7294;7379;
-596;7397;7382;7393;7386;7387;7395;7396;7371;7392;7416;7392;7392;7388;7377;7384;7288;7373;
-595;7403;7388;7399;7392;7393;7401;7402;7377;7398;7392;7415;7398;7394;7383;7390;7294;7379;
-600;7403;7388;7399;7392;7393;7401;7402;7377;7398;7392;7398;7415;7406;7383;7390;7306;7379;
-600;7399;7384;7395;7388;7389;7397;7398;7373;7394;7388;7394;7406;7416;7379;7386;7302;7375;
-591;7388;7373;7384;7377;7378;7386;7387;7362;7383;7377;7383;7383;7379;7414;7375;7279;7364;
-606;7395;7380;7391;7384;7385;7393;7394;7369;7390;7384;7390;7390;7386;7375;7416;7286;7371;
-595;7299;7284;7296;7288;7289;7297;7298;7273;7294;7288;7294;7306;7302;7279;7286;7340;7275;
-598;7384;7369;7380;7373;7374;7382;7383;7358;7379;7373;7379;7379;7375;7364;7371;7275;7412;
