10825;8387;-596;-596;-609;-589;-597;-599;-596;
8387;11120;-630;-632;-645;-628;-635;-633;-635;
-596;-630;7364;7338;7303;7313;7329;7336;7329;
-596;-632;7338;7414;7367;7389;7405;7400;7405;
-609;-645;7303;7367;7412;7342;7358;7365;7358;
-589;-628;7313;7389;7342;7410;7380;7375;7380;
-597;-635;7329;7405;7358;7380;7417;7391;7410;
-599;-633;7336;7400;7365;7375;7391;7412;7391;
-596;-635;7329;7405;7358;7380;7410;7391;7416;
