10825;8387;-595;-601;-588;-593;-600;-601;-603;
8387;11120;-632;-637;-633;-629;-637;-635;-634;
-595;-632;7387;7354;7336;7362;7348;7362;7343;
-601;-637;7354;7417;7374;7376;7398;7400;7393;
-588;-633;7336;7374;7414;7346;7368;7382;7363;
-593;-629;7362;7376;7346;7397;7370;7372;7365;
-600;-637;7348;7398;7368;7370;7417;7394;7387;
-601;-635;7362;7400;7382;7372;7394;7415;7389;
-603;-634;7343;7393;7363;7365;7387;7389;7413;
